8566
7607
6960
527
7125
7923
5893
1462
4124
715
1836
6114
2224
2044
7945
9475
8981
2562
3232
7750
1077
4210
7887
9877
6399
2608
3856
7675
5933
3790
3520
2803
992
7486
9859
3200
2973
8842
4428
4275
2076
2901
6733
9024
104
7921
254
5714
2236
3790
9998
907
7439
2045
9817
4356
9719
7083
4127
4516
4067
8218
5529
333
7195
9033
5121
4737
2185
4744
6501
138
8133
8957
5673
8176
7476
8863
9772
8478
2354
8141
5439
2142
3792
2612
5363
8946
7669
5503
3480
5890
4714
9911
208
3858
7372
6399
1828
1071
2799
5516
3528
7491
7288
9859
2773
8482
6372
1640
6879
856
7310
5649
2162
5925
2778
3386
6541
4583
3670
6174
7067
6682
1264
611
5424
8221
8748
1815
803
1077
7034
8701
5678
6837
4612
7948
4854
3933
9838
6881
2574
6028
8623
2624
8580
9065
7749
4282
1080
3986
9857
7245
7400
6624
8449
6846
6227
6677
4434
4551
9733
4557
837
5802
3821
8609
9970
5325
1312
4829
8531
2608
4744
6788
3600
1038
8059
8639
2031
6358
472
4466
734
6817
1219
9788
1300
9053
8388
7766
1721
8177
9498
5286
7147
8017
5191
2821
8802
9970
9094
2423
2970
6250
5454
7249
2501
612
3024
7410
8787
7587
4646
8076
4079
5267
3822
4019
4582
4032
7308
916
6937
3546
3108
354
3110
9457
9641
5583
5846
5237
9836
2060
7264
8049
1495
4483
1363
3969
7287
688
6029
977
8979
4133
3530
1422
1207
1880
4194
1172
8238
4770
2662
8177
5486
9423
3142
5099
4139
3044
970
7441
1563
3549
7751
2586
811
6029
3771
9338
2655
612
6745
6620
4887
5959
4567
8974
6824
1688
8249
7760
1388
4674
6999
5066
9398
9086
2562
2071
1341
6263
9830
4243
9717
8588
9414
5429
6382
944
610
5177
8108
4856
8516
7625
8024
6041
3290
9527
4856
4168
8275
2450
4794
3209
6053
6889
6549
2684
3187
1725
3467
1699
7997
6391
782
2502
6902
6299
6545
9137
2591
5879
1078
3071
9652
6531
6157
9374
7042
3356
5796
3035
7215
7173
7988
7380
9448
6507
2534
2525
8880
3697
7756
8884
1710
6409
6859
2124
6843
5521
9138
6991
2981
5719
1576
2395
1372
1722
3557
9521
731
7174
5642
9831
5929
431
4484
823
8403
3401
3054
394
3764
4019
256
8893
8122
2193
1361
3243
9672
4033
2531
1520
4217
8805
53
1495
5597
5592
6007
7725
2950
3013
1794
1705
8055
7925
2955
1278
1924
6035
3721
3441
2467
8744
3226
8961
5462
2682
4273
9179
361
314
9848
6697
4643
4122
5613
7123
378
2989
5226
2810
7394
5328
7444
750
2225
8551
838
197
9237
82
1318
3637
311
9090
9052
5473
5578
1091
6032
2914
1319
6827
7363
2635
3165
5096
7061
3933
2311
5831
899
8935
808
910
6046
7138
1299
2475
6736
6911
1843
4075
9942
278
8995
6210
6386
5553
5069
140
1545
9287
6956
2312
1490
566
7964
4808
7585
7129
1489
6904
7885
3405
9182
2383
2829
9400
3043
1913
4174
3102
4355
9121
1070
7243
6885
7085
3640
6954
8709
1508
8864
2171
4286
1612
1979
8496
9419
5480
9174
6490
4890
9606
5421
4939
6190
6537
1095
6611
3381
6985
2509
3155
5965
8443
4931
7834
1241
4247
3681
879
1168
631
8420
9980
8040
5713
9118
7570
404
4332
9981
7563
2739
7683
8212
4749
3700
6131
1052
348
5989
7028
3572
1724
8999
5708
6205
5843
6680
4144
7254
5172
1798
8294
5322
4258
1186
5440
6898
477
7418
3525
6207
9048
7004
4946
415
8282
230
182
4134
5109
3194
3333
4890
4139
7058
6695
981
2331
9507
3275
889
6260
7078
4808
5764
4444
2360
3953
3563
8259
9233
575
2929
2463
821
4523
4720
4052
5292
7923
5612
6498
9
2144
1978
8465
3404
1183
7200
4490
4459
4566
970
4143
2636
9947
1970
2195
9182
5971
5921
6277
6619
5874
5876
2618
403
2427
3318
2534
1974
6929
7039
1583
7662
4390
6250
4933
2829
7298
1040
1177
6753
9072
3800
4666
9605
8786
9826
873
2553
2524
4870
9321
2001
9335
9879
4135
6268
9359
8061
977
7864
4665
2516
7529
7527
9386
6480
8245
3697
7037
9366
1883
4931
4744
9524
7547
2074
1210
3013
1617
2600
2444
9981
9450
2058
7717
9582
8327
4511
2115
8664
3470
9236
62
3312
2087
6556
6270
7139
219
2306
1580
7176
5516
3158
2986
4390
7257
9810
2331
2060
5058
6346
6444
8377
5419
4684
3066
5471
9809
9803
8152
3734
1582
8372
5896
2646
4868
1431
7436
990
5803
4070
2794
9311
1019
5268
4464
6291
9072
3327
2325
8516
2179
54
3606
7123
2792
1685
7893
7403
3490
799
7329
415
4153
7846
5594
7143
7262
339
9521
5825
2373
1341
6256
987
3551
7133
7357
151
219
6774
6398
6481
7478
9635
1554
1527
4765
8772
9854
3183
3538
33
7500
5004
6741
2379
5157
3173
9673
7321
9028
8732
3806
6499
6143
838
3797
2619
3572
5658
4328
7741
7184
6715
4400
847
2937
4517
6291
4066
2378
8490
484
6338
2287
2340
3840
1252
4246
1172
1975
4183
477
2898
7745
7666
2675
978
3492
715
7729
2146
5200
4196
8854
5796
2849
785
603
5893
9441
639
6881
5607
4943
538
8248
7468
4212
3802
6998
2545
8372
2399
3682
144
7264
4286
8969
6734
8172
1959
1025
5575
6337
231
3290
6288
7483
6490
9491
3055
648
8352
1730
1335
7302
4870
7955
7207
9417
5207
6765
9689
3717
5183
3773
2800
513
8710
8532
8563
1815
3869
7721
7482
9614
1305
9269
4711
7248
1959
9984
7721
4311
3942
1897
19
668
2346
2841
2393
6331
1762
7316
2964
5193
1335
1858
1153
6457
489
5774
8772
7958
928
1239
6779
631
4248
1721
5996
5600
3243
9958
7457
5222
9043
5377
9775
3286
3753
2132
8166
5868
6139
2231
53
6552
4756
2288
8279
9447
8116
8254
6758
6185
1212
9763
3383
2702
5118
9388
6420
625
6845
6792
3087
1803
9858
7742
6149
5957
2082
7866
2703
8357
7607
2903
1819
8696
1186
226
5875
1959
3441
6549
7484
4989
3200
1272
4010
9280
1994
7072
8168
4365
5712
7540
9023
9346
9144
8249
6693
7014
6139
2321
7364
249
5550
8401
8577
8308
7944
4687
1515
4891
3512
4460
7184
296
9308
8098
8603
8586
3732
6869
3963
5010
9698
8337
2645
66
3880
2472
9551
2937
3532
8861
5820
1120
9184
7235
9438
4799
2694
5701
1336
7306
5556
3276
852
1251
356
8727
38
1045
9646
8107
3281
9270
8358
2353
550
7212
5755
8510
4427
5471
5135
8578
1358
4651
8640
6063
1111
2072
8659
3803
5891
8030
5533
6656
9454
6421
7484
1394
9710
5153
2434
8505
3290
5425
5579
6549
2761
6830
6684
2226
9043
4184
1273
5864
2171
6977
1917
6201
2610
4292
7615
7965
2386
5842
2216
5251
3737
1702
2899
4128
9727
4361
8800
9274
3037
6629
5288
5933
9072
2090
3302
4280
5388
6433
4759
1707
6756
9668
4484
2476
4504
1283
8783
5417
7537
4468
6119
7447
3208
328
2812
1059
3930
2555
2498
4682
5383
1999
2827
5541
1689
5984
7128
520
990
3335
2577
5953
1082
509
8494
4068
7217
423
9624
8443
5578
3383
1737
8568
510
7840
2724
8744
9278
2242
349
2832
3934
77
6323
4757
6841
8943
786
8519
4155
8263
4426
4202
1891
166
6364
2699
1833
8743
3842
3507
2931
4054
9104
2000
261
4258
5031
3849
3259
8384
1241
8747
2985
9745
2018
1005
4185
3736
7227
8274
9636
1104
4288
7315
8956
7535
6677
344
1475
25
6910
534
8400
6842
9901
9879
972
4323
4496
2582
3911
6937
5260
5770
7021
5678
1217
2146
8147
5359
8513
8097
1516
5568
3870
1826
9765
1789
3043
2726
7581
4687
2373
3234
1473
706
347
6142
9843
2139
32
9862
9240
4644
4362
2699
5844
8518
293
3278
6317
4530
2197
6116
1511
8813
9018
2832
2971
8074
113
9183
1280
1769
5001
9223
4563
2026
4296
6315
5331
5074
2302
6007
5326
8651
8856
6871
1205
1171
5982
1247
1496
9765
6408
3051
2490
6257
1722
2660
1687
7515
3171
1768
2025
849
8582
7471
9643
5139
8135
3817
4221
3978
7946
1243
2227
6189
789
2860
9956
2146
1626
1799
2092
8866
7687
1515
5360
1950
6732
8306
304
1636
4627
7815
1902
533
3982
4477
69
1385
7228
6066
3036
2164
7026
7517
1818
5165
823
6301
5467
8862
2703
9541
5888
1371
9676
3159
3161
7067
2110
7693
8406
9829
3513
2585
9350
131
9340
1694
2206
6312
2790
8570
4918
5560
8763
9927
1840
169
9697
195
1126
431
2838
1441
8932
5086
1927
531
857
823
1315
3002
9275
9534
7659
3206
8651
4440
8167
1686
5824
9128
4094
9155
6071
4132
4622
327
2608
9748
1318
2991
7369
1915
6566
7974
6990
2071
3652
4264
8203
8809
836
1383
4996
9788
9295
5383
7900
5557
1276
7399
2002
8010
4370
1997
6337
3683
5370
4799
463
1599
7923
1109
9504
8324
5632
7359
2968
9685
6215
6579
787
3902
3482
7015
8292
2710
4158
6282
4837
9239
2427
7050
8471
3919
989
9359
7544
4568
1637
3307
6701
8853
3800
6604
886
9726
1879
6672
4156
1935
2415
8215
9341
4697
6611
8100
4527
7355
3705
3626
9524
9087
9962
1224
9172
872
2638
5585
7334
6272
9815
8399
8047
2908
9877
1934
101
6878
6129
8566
831
7486
2126
2901
6824
4211
7709
3774
7307
2888
4832
189
863
8011
3782
7614
8891
2576
7432
13
7088
6294
9337
7884
2120
4015
168
6433
4819
4677
7998
7649
1226
5138
2794
2038
6961
7060
4400
4960
3162
8864
8277
4446
1439
9625
7536
36
9125
2263
3043
7524
9445
6115
1478
4537
8148
4241
780
2809
4043
1275
8954
2630
4890
7183
8963
5724
5216
1744
652
1830
8176
2472
6850
8223
8016
4891
6444
2494
6478
132
7308
2555
1634
473
8203
5110
3660
8257
3889
2719
6280
1591
917
1886
9909
5647
9555
4255
662
1812
4819
7380
1610
1212
9348
6973
9264
3254
6520
3257
7797
8286
6330
3911
3967
6399
995
4416
8980
3852
2064
6958
7854
7933
5550
6585
1555
4963
8314
2369
5335
2188
1831
4666
5312
9927
944
421
1125
1230
5846
406
1737
632
4922
7993
5260
7005
7919
3510
4651
5139
5275
6810
9748
7860
9525
3677
5662
2763
5418
4300
4939
4150
7921
5608
6454
1664
8598
4040
5454
574
3290
7749
8006
1657
5221
7222
3011
7556
1324
4549
7044
4804
7717
195
6912
5021
4918
7451
401
7267
4758
8362
5812
1545
5466
7586
2710
9313
1538
3596
8406
3878
8055
4077
1849
7525
8803
8090
2639
2303
666
8106
1438
868
7256
134
6433
7726
8695
1433
6745
1147
3638
8187
5815
4928
1937
6461
6191
7634
4512
3697
6017
7728
6142
3165
6749
3640
8346
9387
6218
6828
4811
8098
6600
6652
6924
4943
4289
5331
1153
4984
618
105
6850
7259
240
9868
8261
6921
5588
2342
1898
5005
7791
6969
2088
3709
4726
4090
3385
2793
9379
9308
5214
9917
6335
5540
1586
9163
8003
6994
2171
859
6481
9527
3079
5912
877
8882
2925
6880
5378
1425
3798
3875
4929
9806
306
9631
4564
3214
216
198
1945
8360
5604
1309
4890
6933
923
4699
8281
9098
8917
8593
170
1039
8524
8263
3890
6175
2832
5844
1164
6505
7414
7954
5509
1339
4988
6529
5233
1955
4599
4789
6777
1972
8913
8120
3923
1769
1021
3943
7958
8226
8599
6279
2507
5205
3705
3889
1282
2043
5740
8388
382
4372
9034
5440
945
7649
5799
3551
1945
4394
9465
6325
4499
4128
1815
8197
2125
403
4340
2120
5154
8888
7885
2938
7905
1135
5447
304
7634
1098
5247
3190
6214
6210
4407
2405
2938
3473
7175
6273
5969
7470
1998
3564
8760
2273
1780
8379
3389
5507
1764
879
7703
3620
3234
1493
6487
6095
7534
9810
2202
5495
5917
847
9147
6275
110
8288
9721
9410
5259
8652
3227
8066
6150
7684
6890
4320
4177
5631
9354
7067
6915
2126
9333
4368
5487
2594
2976
2913
5918
6842
5938
7365
4070
474
1552
1150
4416
2485
2163
3492
8658
3979
248
3111
7651
9636
7469
5549
4603
2166
1918
1903
455
5134
8579
3790
1513
4779
787
7516
5311
6807
3492
8416
2713
5861
3996
5676
6131
5739
9903
1692
3468
5861
8409
2936
1878
6221
6716
5851
5125
7426
8310
3751
4924
4035
6909
8935
1894
7761
9637
9637
1697
4646
8180
1851
487
1831
397
1789
5639
1793
9418
8864
2262
226
8434
4593
6725
5643
1912
5291
8063
4936
2391
7884
8496
9740
3492
8678
8952
5061
3781
8370
6101
266
9994
8821
7681
6558
2448
46
5823
4926
211
3331
8008
9446
1489
4697
5600
2315
2210
6251
5848
4346
1574
6760
2255
296
3354
746
8339
1719
2837
578
8011
1047
2762
1996
231
9612
6912
166
3194
1866
9467
3136
4725
9059
9875
9050
8251
8794
3077
6636
2851
7530
2521
1755
8691
3233
6566
7384
3204
1702
1706
4104
2089
9632
5319
6960
6684
9492
4465
5988
5402
2043
3056
3982
4878
8438
2035
3195
420
4304
2495
9545
8641
6200
7727
481
8526
1006
3304
6998
3046
9528
6962
1492
159
5362
1046
5092
3739
2914
2365
8758
4328
7089
1234
807
4473
8538
6877
253
1198
3370
6964
8899
9206
2161
5463
5888
1905
4838
8434
5677
6188
7467
2942
5874
5080
1563
3823
9515
7391
6942
9456
7505
1938
3737
5216
1551
4966
6919
6008
9988
4129
3050
5799
9675
2563
8063
2286
7997
9899
5158
3187
8901
4480
6688
2569
6860
4147
5359
5727
2909
4714
7361
2862
4255
3914
9458
6961
5468
6944
3911
922
4985
8830
8445
1548
3137
1667
3266
3310
7017
9277
5825
9616
2233
3755
554
3025
5250
1167
8356
7404
9606
1192
3098
5273
6768
188
1543
5761
3105
1101
6817
1052
5987
4235
8201
71
6034
5140
9431
5192
880
2048
8710
3631
8888
7745
629
500
3359
6432
1710
4301
8588
6506
1315
3793
5731
3172
4779
2949
123
7505
204
5915
2460
4773
3628
7997
5554
483
6991
109
1736
3163
6524
7557
2482
9466
6384
9023
9558
1043
2401
6673
9391
2516
2464
9481
2919
4407
4339
2861
360
6482
5068
3375
1844
2794
1171
4115
4116
2631
4945
2876
9441
1600
2564
5425
9982
3758
1311
6265
6787
5756
3390
9080
5103
3531
6524
9944
2308
4147
5078
1147
6143
4129
9749
5254
8094
3149
5713
9687
8295
2268
4906
6927
6098
9525
7231
7790
9951
7039
9499
9161
3095
8074
6073
4603
3091
5988
8271
8312
6270
1226
1807
9969
7553
3798
6733
5312
1851
7310
7330
6832
8044
1624
7969
4519
850
6463
2981
5577
6300
8734
9993
5269
4647
5916
8051
8068
8055
5146
2162
2106
4877
7401
3416
7069
461
4937
9373
2300
2792
1919
5938
2640
9708
2666
1117
1471
104
1554
3753
6627
3006
2694
2012
7536
1232
6537
5321
1636
5746
8664
7257
6705
5147
5224
1955
642
8207
900
4057
5913
7089
681
2785
4381
2795
7353
5560
1981
4799
6580
7963
6500
1392
5535
9099
2183
5389
5880
5836
3924
9615
7737
6553
4127
4662
9233
7492
4484
711
474
3263
9204
7497
7840
9537
2325
9908
7630
4740
3879
976
3339
6836
9166
701
756
5312
9612
6125
9771
5253
2326
5064
133
6297
9352
4128
8658
9718
3561
9860
1076
1270
4325
3316
8759
9003
3552
5997
6773
2275
7758
1139
1956
2947
6276
900
7386
3426
3905
3921
7880
8359
939
5220
936
4139
7364
1543
185
8196
1250
7912
1179
4019
9900
2069
2511
5850
1941
1753
1759
3615
9351
7496
7495
1187
3108
7185
21
8452
6742
5232
5813
9640
1980
2717
330
9105
2379
4620
1638
2009
5811
8577
1024
9846
9960
7937
3046
4206
8388
1535
1484
2152
2161
4264
9007
3442
7725
9749
1031
178
1522
1733
1454
6017
2099
1538
2038
7183
1738
3406
3471
7321
114
9750
7803
774
6471
7648
1226
5170
4138
5814
63
5206
3747
3660
7478
7715
3709
6888
1379
2629
3588
1460
487
4078
7122
5006
7747
8421
5898
5863
2467
4982
8064
4163
2038
2411
6461
8233
6970
76
8523
5860
6039
5707
1670
6247
2270
8438
4060
4323
3474
4850
2026
841
3732
8653
9262
3724
3651
1464
9901
2804
9272
8275
3347
5080
7142
9584
1622
5067
1253
5476
9917
1303
4105
7728
5420
4780
2408
874
2736
9308
4361
1575
2389
7616
2956
7222
430
3384
3148
2736
4581
5505
174
5719
6588
7764
2359
6589
9105
2685
6816
8993
3069
7997
4933
722
6736
6004
3233
4482
1316
2777
8728
592
8442
7696
5886
5730
2123
9919
9154
8237
1918
8517
895
4411
1128
8386
1139
7656
2420
5818
1769
50
2492
5368
8506
4391
2683
2234
486
4425
150
8666
1420
1804
6777
9581
7276
8892
1878
6629
4466
9185
3531
8578
7075
4551
7102
521
9593
8349
4865
5577
2062
5497
1007
8677
8100
3074
9189
1494
3047
9889
9433
4728
8087
3251
7096
9091
7634
1547
1110
2247
5777
5791
1352
2583
6519
3914
8293
3954
7289
2161
2640
2137
9560
4573
6604
5922
796
8099
1481
4202
9702
383
3581
4577
9752
8802
491
3823
7455
8010
2887
8046
7238
2617
9799
6271
4145
8424
2158
4186
4780
5235
4205
886
7248
7296
5168
3513
6647
1173
8295
9534
66
6908
2545
5394
2209
6775
2830
7716
3423
4470
6499
9278
9273
4594
4898
6942
4773
333
1777
2371
5940
7294
9421
4467
6178
2694
7328
2456
3633
6977
7175
6281
9715
3352
7980
330
72
4405
4061
7370
5594
4441
763
310
8735
4926
1612
2654
2397
8225
8740
6314
9396
5923
3593
2771
7486
8077
9216
9515
9446
373
4082
6445
7294
218
9562
5920
6614
4567
6869
368
6271
4406
6776
1499
6531
9111
5731
1251
1081
4674
58
5408
8237
861
6884
3791
9759
5208
2844
1994
5188
4546
7923
5220
359
4317
3015
8517
5363
5692
6039
7830
1356
8371
42
4989
9147
2094
6239
8375
2346
7964
8433
4772
315
8674
8208
6433
3333
5771
6161
1405
1723
4875
5180
1725
6483
1556
1139
2214
6095
7213
5887
5389
8634
2228
4052
9865
818
1894
4644
7664
8969
4469
9648
7223
6113
3151
4905
1684
6108
6582
5184
9592
9530
4634
6107
6480
3191
8316
8506
7590
954
4025
2279
5132
2077
3043
6137
8086
4622
8342
5615
1438
1126
8496
2436
7253
5226
7956
5612
3332
6650
9455
6105
9513
2029
6294
5858
4000
6120
7571
6674
2501
3388
7053
6709
4944
2189
4516
5146
3069
7013
6818
7062
7766
967
3745
8466
1034
2197
8853
1254
5235
2703
5173
940
1499
7919
2766
3103
5782
7185
2137
1966
7051
1668
3113
8049
4072
1787
7492
5064
710
2809
2543
6319
9831
2393
8339
8545
8283
7828
4824
1802
7267
6316
1439
9797
8214
6113
5209
7024
9422
1413
9364
5884
4875
4852
10
6097
7853
5696
4393
9246
4705
3788
544
2425
160
8854
1108
9106
9580
4220
4819
7953
2360
334
4699
735
229
3315
9834
7959
6577
467
5642
9297
3445
6659
1443
4979
2382
2241
691
2587
3435
5577
7096
3478
5772
9013
9637
9360
5004
6103
7443
5201
6593
1410
3523
4540
153
9275
5868
4538
5861
6434
2669
4238
8146
1246
8979
3501
7410
6129
6724
7339
3528
2232
4517
6782
3238
1221
4962
1215
3678
474
2954
474
3024
440
2703
2035
3135
6902
4825
3107
6373
6153
6726
7001
2908
2858
5331
4525
34
6135
1949
8875
9378
103
1673
4361
6892
6740
1302
8932
4312
4652
860
5386
3479
2194
1213
7706
8543
6944
366
507
1303
3616
966
7375
5505
7516
3874
379
5889
437
1181
7542
8524
4078
1095
2920
8767
8341
5142
6394
5600
5893
8794
1720
5292
1339
3521
713
1645
7624
5981
3089
5769
1441
7572
5762
9137
4297
8855
9376
2866
923
3042
3875
3471
3318
6862
9400
1099
8293
8939
201
1802
3971
4907
5409
4822
9245
2082
4166
3994
3161
8734
8265
4455
8091
1772
7082
6506
5333
3782
4469
9486
5766
3528
4677
2851
4919
8249
1974
4476
4121
9613
3351
8685
5780
1287
1797
6534
2162
939
9891
2215
4688
5381
9704
2188
4777
9419
5379
1545
9779
2893
5766
4510
4469
715
6035
443
230
2557
9903
996
107
9690
9873
3547
5382
9579
8675
6804
9974
548
4344
4393
3891
2254
4797
384
3823
2488
8074
5499
2869
429
4697
1227
3847
8841
4215
5065
5251
1354
6304
9604
1036
8895
2107
4998
5507
6157
6805
5197
744
8574
1570
9230
8549
1372
619
2215
5917
5651
6620
7741
4483
4403
8126
9678
4992
8646
9700
6541
5363
3610
1553
8620
4244
4739
3357
4996
147
9798
4876
7666
5682
2877
4755
4295
8858
5466
2677
2474
8222
2000
9147
9600
4734
8562
5121
6633
768
2429
6
6861
6456
264
9833
7134
7021
2949
4986
3810
8015
5623
2067
6118
774
8953
2058
1605
9648
3831
819
9525
5968
7225
8319
3363
4462
1952
3886
5681
9617
6724
4227
7718
9792
8015
1209
5418
3043
7621
7273
5909
480
8867
4459
2598
9932
3028
8825
5780
6504
3515
6984
6936
1609
480
893
9231
1945
6470
2671
5068
9063
9304
4192
1291
1395
4349
6326
2759
7744
6640
8562
2027
6558
4910
9045
7101
2766
5720
3430
1434
3126
8105
9177
6101
9739
7290
6108
9311
7121
1978
3472
6573
4949
2204
6845
1175
4674
3167
1203
5583
6702
6066
8036
9863
4953
4957
378
6699
1435
3792
6464
6225
3040
1237
1942
957
127
8090
1552
4104
8241
7014
5637
5765
3168
1988
7077
4353
8064
7869
2426
9598
4517
7846
4732
7060
69
9313
1148
4781
6912
9409
7876
3329
5513
7247
3532
3712
262
5888
1047
6583
1615
7098
7342
9687
429
2270
6695
2965
7880
6024
8634
3565
1366
6865
1707
5193
6504
4882
888
813
6942
6771
7192
8831
9138
2308
252
5921
8455
3365
4091
2176
6821
5842
7983
7419
504
5044
6630
7798
2618
8183
6901
887
774
4310
1963
8648
5539
8339
7207
5380
5000
234
9641
4844
9905
8510
549
8121
2018
774
4509
4515
1933
6458
6743
5523
8881
4288
4688
1460
8251
3089
8195
8759
9869
6304
8056
4827
344
1604
381
116
6157
8711
7176
6587
6201
3139
7513
1994
4495
8509
5780
1843
3673
2385
8953
4316
7566
6439
9766
1250
3650
5747
7128
1910
2038
881
4974
3601
453
5722
7776
414
392
4392
8357
3222
9281
156
9321
5742
6775
2694
6965
9741
7309
6351
5085
7484
7350
3740
7260
3904
1837
9131
6465
410
1582
5265
4549
5320
8165
3912
1540
8772
732
5365
1451
9280
4028
5731
5035
7410
7118
4023
4474
955
8781
7386
4601
5686
5795
7490
6250
6713
8462
3872
8576
1261
7927
7947
1639
4016
5606
4001
7576
2863
1154
8192
9009
1943
4900
5804
3455
1619
8705
9849
6786
7813
4656
5510
1628
4195
664
8862
9524
675
7662
4827
310
6860
6789
189
1353
6080
4091
1019
1803
3116
6447
1610
9801
589
8377
2658
785
9990
4034
4630
8008
8612
7085
762
6604
2417
6318
7444
3352
6744
4477
6901
5201
6327
7881
2148
5154
4711
4451
7374
7527
7685
8045
3670
1366
3045
5708
1039
5817
8005
8076
9533
6641
3031
6818
1698
9775
6026
3584
8936
9762
6647
7667
5059
8638
9546
6409
3474
2707
6228
7503
6074
5539
6659
7103
322
566
3414
9396
3559
6708
5278
1626
5346
8667
4943
259
2170
9508
6183
2373
9127
1126
5514
7612
880
18
2986
5031
1820
6636
2233
8332
9589
501
2002
3994
9982
5927
6496
1131
6360
6630
25
2228
4483
5020
2320
6392
3695
9286
4238
3966
6523
3855
8376
4948
24
9046
6223
303
7580
8383
7575
6922
4474
6946
2037
4844
6664
949
277
6242
3012
5052
6012
2497
1100
3286
3129
5859
7698
6594
1336
2534
2397
8267
1808
5733
2125
7054
3969
935
9704
6192
3550
7977
9054
3102
7753
7536
2983
7476
9727
2746
9008
7996
953
1471
7842
5878
3847
6738
5917
364
2605
986
7046
5041
4525
6206
5137
6303
2718
9610
6979
9341
6538
6819
1501
8035
3442
7997
5533
5592
2875
221
6866
8590
3525
4401
7314
337
7891
6247
3206
7231
5018
9340
3586
2564
930
4013
8577
1546
2399
6679
4757
116
5766
9666
1457
4133
9969
9807
2436
5849
1204
325
7488
2383
4119
8456
1515
124
8892
4800
8412
6471
6404
9748
4323
7197
3232
8937
7104
9428
9420
3986
3192
6196
5464
6750
2823
3858
2943
3180
367
8083
3811
7357
6026
4692
1851
1203
8444
2474
2497
8453
2653
7599
8266
8285
3712
6018
5343
4259
901
1032
2702
3007
6428
7218
7132
1292
6919
7369
5632
7657
7180
5712
4432
329
2660
9047
3721
9631
5346
2029
492
4630
6931
967
1332
5593
7929
7178
3037
6805
8515
8683
2279
9334
5381
803
928
8808
7559
559
4284
1075
6842
4840
1272
6941
3166
7937
5624
4665
2297
5712
8913
8871
540
8072
6076
5461
5885
1538
3362
9740
4331
8827
9142
8497
3433
5098
4947
1856
8118
4913
2071
4786
7745
9417
7787
2090
9694
4391
2427
9991
1553
8372
4508
2803
9769
3407
8794
7308
4727
5466
2922
6021
7196
4543
6743
8014
5697
2775
3508
8068
2989
3768
6546
7383
3641
4126
1126
1123
284
3985
5766
1494
9111
3371
8186
5958
4318
6339
8727
25
6303
7639
7129
2652
1991
6050
7590
3201
2673
9773
6392
6919
883
4358
7001
7785
1826
7124
9162
5642
2281
7670
7023
742
9699
1427
6909
3825
6357
784
3696
9358
4048
3482
1764
5350
6638
3893
5392
7590
6536
7924
8450
511
7592
8847
611
4752
6369
400
4132
7194
7177
3084
7744
8633
615
6386
2952
564
9140
3764
6844
1888
6076
7034
2870
7400
2594
1651
1146
7932
1732
1571
9106
4356
9220
6512
3150
851
815
2156
7455
5956
6652
6501
2181
963
5738
3131
4734
252
941
4828
8450
2771
1080
6561
4434
557
5976
3211
2158
4717
9253
6200
5461
5606
3978
3387
9412
4103
3236
2101
9748
6984
6308
887
5236
9574
4852
1907
1662
9463
6917
894
6991
6904
3120
6334
3276
2658
2077
2592
4874
7604
9998
2738
6702
451
1040
6575
6985
2350
3718
630
7015
8839
5079
1466
6462
192
1325
4859
5704
4069
1548
2694
7800
8359
9209
8557
2485
7644
110
6754
2026
644
7226
2143
6985
3570
4185
4784
8534
8277
4922
9311
5745
6286
3878
8151
1824
1654
9871
3084
1332
7217
6887
805
6056
7303
4937
8343
1242
2483
4089
9340
2240
6963
8604
6371
1613
2935
4480
2892
6007
6540
6325
7427
9147
2236
6949
1514
4480
1058
6732
830
7772
7026
5421
4808
3756
6421
6087
9682
8632
5841
3542
6051
4187
5581
7071
8781
7681
7507
6537
8888
7174
6979
7076
4792
892
9459
1657
3819
353
3423
3863
184
5750
3259
1568
5213
1542
3795
2614
5192
6847
4797
4259
166
2998
273
3239
3566
5165
8168
3832
6972
4520
7843
3656
793
9950
629
3916
4296
4763
2268
9329
5209
1977
3358
301
928
4013
1858
7239
3885
4892
1345
2041
2376
2720
6910
1793
618
6220
8091
8654
2185
9590
6890
5663
7906
9603
774
5263
912
9879
8317
428
4579
5468
9049
8188
9639
9972
2311
9552
3307
928
9946
2080
3174
5802
1279
8073
3039
8835
3297
8076
6672
3614
7143
5618
5086
7694
2394
1325
3238
6594
6326
4006
6574
916
7461
6908
3670
8721
2153
646
3909
8538
5347
1257
9644
4810
2488
2104
8323
2701
2223
2077
6581
241
3756
964
8325
3431
3101
1945
7578
985
6313
6712
4601
5940
5505
2258
8340
4370
4403
4317
6681
2651
4167
8133
8267
5886
5974
276
5205
290
3001
537
4370
4249
7424
6333
7160
6496
8583
238
5620
208
3067
2923
2225
8634
6655
3703
9304
230
3763
3953
8298
7905
5395
3930
6074
5623
2697
2438
7457
2825
6739
7288
7984
5776
2341
352
8516
9172
5097
1843
5787
4164
8697
6472
9583
1243
5908
9632
9231
2270
971
4974
6526
9048
2239
6465
8853
3493
258
1536
3799
6144
2781
2795
3468
5779
4939
6448
6293
6302
5187
132
5133
1919
8165
4133
9208
8922
4346
4830
9715
3065
3207
5186
1853
1764
761
8936
3537
5876
1498
5022
8913
3560
8044
9642
1383
5902
3004
3804
6304
9459
3339
2928
7083
839
9841
4606
882
8105
7257
9930
9146
5428
1821
734
2937
7594
941
1704
5017
6003
2911
416
4803
164
1218
1572
3875
8523
2750
3305
5918
542
8526
255
9725
278
8102
1014
1923
6154
8053
5431
8619
1567
5875
3485
1739
7310
6705
3789
4960
1299
8786
301
6547
2922
8124
6919
9620
8269
731
2358
5355
3951
4012
8604
6901
1566
1008
2658
9491
9927
9780
8863
7949
7480
1797
3235
4288
7733
9832
6564
1818
8961
8344
4618
1756
8225
3707
6802
2154
1183
1393
3653
5423
5694
75
4668
7555
7271
6584
173
6302
4046
4297
5033
1519
9922
2351
9067
1125
4888
2630
1887
8436
4166
540
6394
5606
9393
6847
8676
7858
4205
504
8307
8533
6127
3439
2254
7404
7129
5680
7016
1149
9659
262
7771
4663
3311
3099
1833
5873
4640
5677
7265
8552
9506
5216
1256
5154
3681
9061
8162
424
7907
2315
2096
3542
5989
6499
5391
6483
97
1662
3996
9208
5613
738
8776
3903
2769
1730
2294
6293
5014
2802
3217
8527
3238
9755
9027
910
2183
7100
3723
8067
7518
6592
3241
7344
8165
4229
8674
6812
7707
5350
5776
2977
1681
8057
2939
8767
6439
7352
2385
1950
6766
1868
5410
5105
9097
3568
303
6234
7471
4481
4299
2997
7939
5928
1689
9020
7497
1432
5738
8539
3056
5482
8586
9663
7026
240
6846
5181
6816
260
4470
4830
4714
1773
1301
5650
1182
8135
8247
4596
3925
2439
9340
3226
1050
2778
5037
5752
6367
3918
1270
5007
1614
3845
8893
1283
3282
5746
8078
8856
6722
5122
9418
7211
10
9469
8282
6166
4627
6039
7838
9361
3184
1141
4614
616
6142
5359
8613
4247
5202
1094
8814
2898
8989
9463
3215
869
2879
17
2368
5436
56
9390
7874
8803
3021
2129
3216
1580
4496
8871
1124
327
6080
1909
1822
473
9230
8276
5141
7922
7133
3831
3654
5627
6307
6520
8222
546
6253
7412
3286
4610
3671
2401
9304
3794
3266
5811
7595
4013
2142
7032
9750
6331
9969
8486
6817
7080
7640
2742
1638
4603
4875
4445
8303
6225
5736
2247
2495
6501
3907
2669
5327
7083
5584
6514
6656
3678
2604
8028
7207
3419
681
1128
5780
101
4080
7322
5657
7821
9702
1141
2906
3511
5773
8683
9734
9225
4098
3078
8057
1018
3315
1093
106
9472
1704
2666
747
3454
1830
3139
4475
9611
5534
8219
3921
3746
8664
8201
2144
8413
6589
4674
6799
2765
9763
1815
1310
6900
6780
7430
9580
9526
9970
6188
103
9587
1022
6308
8396
1414
6575
2203
5990
6562
6666
3294
7976
7554
4762
5987
561
5896
934
9644
4429
8641
4294
7340
9708
9889
1356
3846
6674
4399
3559
4949
9640
9346
8115
4334
2723
2356
9805
730
1837
4386
8683
236
6098
6469
3838
3755
2138
792
6869
3683
8591
326
1758
1462
5292
3682
6599
8506
57
2729
5528
1590
3003
1717
3653
8630
9439
427
3263
8205
6091
203
7806
42
9957
4058
1241
3239
6051
7601
1708
5882
7530
9876
6357
9314
7587
6652
9041
9041
5756
1298
673
9108
8858
7092
7232
4381
2816
5207
4315
1710
7528
8663
7591
8388
2520
1716
1504
1234
2440
3360
2455
2456
1021
9645
4059
3127
5360
4339
1042
2787
1385
4221
2448
4793
9530
8697
1184
2865
6825
6860
423
843
3285
9997
8354
8866
2284
7969
6793
5871
5147
7807
6601
2395
8843
8217
8087
9212
3032
4105
9021
8476
4165
1528
324
3306
6215
2798
8857
3823
531
8639
4408
5579
2937
1612
9170
1023
1291
5193
842
7391
7546
5171
7639
3578
7620
53
5949
1313
609
1972
9832
2720
7839
1946
6678
1757
9672
5047
2651
9485
9111
2969
5339
6508
3399
1022
9458
7230
9046
7063
7920
7839
3262
1630
930
8993
3889
6746
5686
6162
6848
7544
3213
8559
8806
1688
7740
991
4933
7413
1351
6243
2541
1357
8279
4576
9831
1131
179
6597
594
8719
2266
3545
4051
1992
9457
6209
1015
7684
7868
2925
9361
6489
2637
1566
9756
6780
7701
1710
3282
8467
2297
1633
5712
1677
5298
1905
3350
6354
9161
2758
6567
9088
5567
8129
5277
9667
4507
6814
2230
1530
9975
7248
9544
8425
6881
6052
8720
6712
4819
3051
3429
8468
3315
2127
6421
632
7833
2374
6694
7552
2858
4661
8523
5110
6358
272
921
4507
6288
88
2272
887
9480
1751
8491
5048
2088
7286
4795
9245
3185
6637
1534
6110
9328
8098
5773
3439
1707
4645
1834
2133
119
4677
8671
5313
8725
4434
2067
6609
5130
4212
424
4731
778
2542
8987
1563
3635
1373
8544
546
7578
7448
4367
6221
3126
2412
5781
8259
4499
7481
2799
1643
8253
138
767
4803
3079
3178
6322
7653
5219
8186
4115
8972
6213
6802
5332
6785
9110
4210
9804
334
6101
1287
4555
2670
310
2450
2187
6313
8652
3807
2109
7648
1412
8780
6477
639
1774
4184
8483
457
5050
890
5326
9392
3333
5394
8
6323
7080
8996
9149
288
7677
2465
5542
6966
5583
8097
4492
629
991
9
9000
1412
6076
6467
7559
7433
325
4692
5011
4926
5726
9346
5283
5210
5960
5162
9337
4915
2441
5863
9233
9656
4657
1820
9970
8947
3237
9511
5056
3677
9691
7854
9466
5041
1889
3914
3316
6865
7834
2575
5998
2388
3984
4222
4562
8330
7181
331
1005
421
8759
9577
8187
5127
775
9344
6754
4255
6496
8612
4195
813
9635
1333
5234
7872
9880
241
3321
2046
1846
2471
7080
9866
9864
6845
5672
435
7258
1640
1765
2905
8506
4634
4917
114
9666
4338
4265
2545
7159
9061
369
9222
8379
5185
2752
2651
8988
6690
8450
6940
7009
8958
8575
6287
2496
8321
5263
3930
3671
6319
6996
4856
6846
1290
2306
5001
6416
5120
8205
5541
5975
776
4887
2785
2102
7858
1486
4678
4092
3020
1446
567
3189
4825
5895
9548
6059
8629
7617
1344
9074
334
8873
839
2064
5512
2376
7089
2878
7751
6234
3867
8484
2908
964
6233
4070
5790
4185
4638
6835
584
9838
651
4872
6428
1666
2020
5394
2758
8941
7786
7502
6861
6467
5640
1903
4047
720
6589
5481
4396
1799
6341
6786
7579
2083
281
3861
9662
5477
269
4444
2979
4509
8489
496
8222
5966
5635
3846
356
1695
120
8809
8448
6365
1623
6441
5323
4329
22
5069
7595
9156
2438
8784
3496
3864
7293
4345
1385
8159
5732
7280
8671
3342
4522
2351
7977
5143
3681
8081
5085
2743
5125
2701
1679
7531
8337
1213
459
3840
8537
5332
5455
5200
6848
3822
2070
9704
7000
4357
8673
1289
2460
2196
5962
2840
137
5105
1842
9271
8464
179
648
1941
9983
4852
4031
9737
7105
5964
5526
6079
3885
7545
9621
399
1825
3471
6493
699
280
8272
8143
9324
9407
3796
282
2928
6738
8839
7394
3232
9370
1187
5375
8357
4683
3513
5216
1996
9791
2333
2599
1036
8830
2593
7403
4915
2574
5563
1014
6666
8612
1142
8991
191
2036
1324
2533
6187
4569
1102
2998
8266
8570
2294
6709
2697
2169
1264
5716
8311
8255
4497
908
7946
5672
7106
493
6814
6392
5366
354
1175
7824
728
4620
8227
2196
5184
6321
3359
979
9028
7427
8689
9335
4333
2466
6535
5884
4706
2746
1310
9847
2703
8410
4114
234
1044
4518
4929
830
5719
9795
9202
748
1823
441
7842
7674
8481
501
6985
4942
2356
7331
9226
7070
2219
8611
1339
4640
3957
930
1685
2619
9043
1328
5121
2317
505
7993
1152
665
1391
2528
5260
9233
8224
7941
7512
3892
4624
8861
7402
4205
5761
6367
7490
5372
9184
7044
8015
2432
3179
289
6873
4789
8109
6582
1704
494
5320
5524
7169
487
9348
6319
3551
9828
2070
9993
8845
4277
1099
7447
16
5096
3527
7480
6858
2675
3838
9749
3133
3460
9977
8719
7485
1102
5655
471
1123
1641
6236
7017
8571
9099
1691
6915
4856
9441
2816
7661
3301
9190
8198
3737
1333
5732
272
1776
1262
628
9724
9029
6656
5571
2391
3708
510
628
8834
2449
4173
1599
8869
7204
8041
4081
8875
917
3404
6612
2624
7416
9858
6176
6448
3942
5261
6240
7386
1753
829
3878
9209
494
1916
7207
361
3000
6707
7983
6405
4227
607
367
3488
1701
320
994
5696
7251
6856
9355
8371
4649
8004
2308
9170
480
9123
8448
8446
4269
3241
7080
1619
294
2390
8375
5287
834
3720
5875
4209
5421
207
8396
6808
9491
2687
4746
3621
4267
544
135
4897
1473
5507
4559
2490
9608
8036
9880
3877
8259
9536
2135
986
3527
8748
3194
9310
1945
5706
4861
3530
981
5146
2949
4442
9608
5499
9678
7793
4376
4827
4179
3725
3106
2183
145
4787
7831
5884
5678
2797
3840
1997
5949
5885
8071
7410
3281
743
9492
5435
1675
8560
5682
6604
3915
6327
2557
116
2881
4109
8357
2087
9501
3431
5356
8409
7879
1343
8602
8407
1479
6060
28
2063
9690
8983
9196
7064
6370
2198
2217
8935
8300
8940
3151
5619
8043
6501
8267
3818
2230
7714
3003
1569
4439
1752
2496
2517
528
9662
9530
1938
2140
1085
3955
5614
8532
3618
6914
4932
7130
5492
3745
683
1891
9422
3787
560
280
9737
366
1377
3076
4784
6177
3765
3057
8458
7623
7937
6486
6678
6535
6708
2667
279
6794
7214
4984
7536
7086
4424
9587
3335
6687
6737
3968
2320
9677
5017
7965
1936
2237
791
9295
8152
8862
7356
4908
190
2557
73
5994
8976
8445
452
8957
7036
8015
1612
2627
6572
5575
2744
2650
5942
1790
9741
8097
9439
9796
737
8781
2606
9972
4550
4441
5744
7413
4514
1417
9438
2306
4794
4979
7013
8429
610
4889
6235
7780
6931
4304
8065
2389
1393
6360
9493
8140
3353
6362
9120
9259
5468
393
1819
1292
3388
9004
3894
6010
3213
9623
3500
194
3189
4265
780
7765
5637
7513
1179
4851
1862
1659
2864
6433
716
217
8578
8189
4948
7603
4060
8151
2296
179
6837
4401
3159
5721
5040
1606
994
224
4567
7308
803
7870
9199
7127
5580
1727
2502
5839
5183
4269
7396
3809
7528
5386
575
3170
426
5705
1062
5609
5563
5348
7898
3010
7428
6379
4605
9916
2472
9572
3857
1638
7092
5556
5629
2846
1017
1450
2609
3220
5100
8220
2968
8027
2782
3028
6872
7772
5145
1869
1180
5289
9161
8957
1744
5454
9971
6189
9699
9200
7122
2586
3367
5610
412
5758
6717
1972
9756
7729
2153
8975
3096
7842
508
7343
2380
9871
227
4399
9507
6833
4770
602
8392
8567
2476
8134
3811
175
2874
4827
1751
3408
6098
2514
4852
7357
7614
7023
6311
4900
8015
7416
9716
2204
2193
1318
8449
4401
3074
100
5961
5299
9693
288
7815
2765
7217
1844
3281
8582
8160
9581
4855
7325
7224
9687
1744
7994
2490
5022
2256
3203
8088
4606
8817
7354
885
6187
6374
1158
9685
9410
7101
2773
8866
6451
3714
5809
4698
2087
140
5770
3741
7728
6739
8433
2561
2390
4980
2505
9574
454
1910
8051
7843
2758
7211
5087
1471
460
1879
1030
5469
2123
8897
8749
2480
2081
8459
772
5973
5935
3295
403
4882
6486
9462
359
7866
383
4793
8494
1206
3869
1583
9230
7500
9049
4929
6107
9239
8627
4337
4237
208
9110
300
1617
8831
7990
5952
480
3931
4208
6532
3638
7158
1507
3169
1357
3296
6852
7220
1087
5667
3384
9823
1600
540
9666
1248
3431
7151
2351
1533
7345
1597
9058
194
5772
6186
7844
1527
9876
4430
4313
4563
6998
7336
7944
2071
5993
5880
3572
2811
2387
1407
3249
8570
6824
9287
8699
1077
9164
6741
2521
3328
1579
2674
9186
2041
8100
1312
7396
5171
5451
5324
7344
6656
1353
8820
2824
4264
2595
7595
5255
7551
3578
9539
9146
5938
8347
487
3370
6485
7486
6766
2363
3134
1909
984
2983
4324
8149
5903
3970
4680
8483
8400
7360
7062
4063
6592
7216
8003
6462
4435
8482
1569
1486
4970
9749
2040
3528
3248
3693
7613
7942
911
7684
8685
2961
4209
4747
369
5837
8500
6114
6691
3624
574
9067
5178
2179
2083
1875
1754
3271
5366
22
3051
8283
794
1648
6938
1234
943
795
4901
2210
6357
6737
7571
716
8674
4101
9853
1845
6847
2166
7962
8320
1791
7944
911
5902
4571
9860
1444
1372
1938
4342
2576
889
4632
401
2167
2560
7808
9134
4893
7704
1212
4480
7267
3836
1495
4461
3504
7982
2021
9909
6424
3199
2059
4731
6492
2849
737
1036
6663
1082
9351
3529
272
2015
4161
6682
6083
8273
1933
7292
4036
7712
7272
258
7108
7310
676
7074
4406
109
6356
3461
9350
2028
7918
9377
8829
9901
3908
9317
1823
6772
2471
3811
8353
7682
4208
5252
9675
4813
8378
5231
6048
4728
5873
8711
5926
1801
7622
9182
2172
3663
6629
6553
4726
5889
4178
8243
4097
4784
7853
6181
4364
2616
5469
7263
5241
3461
1905
9425
3101
5424
7398
9593
1731
1124
7413
4621
6155
9206
3450
7027
2278
4726
7144
8160
143
5918
9085
2463
3504
5965
1155
4891
6959
2196
867
3432
9259
8609
3470
2465
9896
8197
6080
6748
6264
7035
4821
3601
8476
9556
2088
4890
1333
825
3902
9637
5471
7309
7119
9323
4375
9441
5921
7136
4268
2507
2634
9535
257
3981
5362
7545
5736
985
7131
4081
8645
396
1895
3108
1096
5483
3987
3947
3877
6264
3558
6133
8293
1229
7960
1949
1489
4146
8089
455
2275
8944
2479
3757
4401
5286
3344
4495
4194
4542
9153
347
3694
9821
992
5075
5414
4011
8226
8892
5453
1973
3259
8003
8949
6500
1241
9027
6020
3412
6055
1589
2896
6676
1806
9701
7916
8137
8706
5810
2139
9492
9753
9334
7111
3210
2439
8472
236
2885
6535
7477
5920
9197
5001
301
5685
4476
4808
7901
4044
4316
8474
781
8486
7564
7451
7018
8014
1291
7159
7276
5304
2416
6752
5961
2220
3924
892
5738
4061
2769
8790
3134
6877
8577
5669
3698
1674
1504
4015
3440
3328
805
1765
7822
1017
8972
848
9546
5758
5420
457
8945
5726
9258
2173
3504
2444
9040
8081
1761
3583
9070
3840
1275
5525
5339
3903
9908
1895
3752
5343
6510
7275
3719
3948
4499
651
8930
4943
3248
3075
1345
9979
8640
2311
9845
7408
7619
6404
2165
1254
2634
3422
2254
9856
4258
6965
489
2296
5678
5068
939
7651
2006
76
3946
1670
2006
5310
7673
2852
3513
4096
4832
8685
2237
9090
5199
8963
5680
7930
6284
3503
9730
2498
2709
3087
5020
3862
9689
7533
161
6633
9265
8180
2136
3694
7973
8564
8365
8174
5402
2308
8731
9312
7740
8537
8590
3569
7619
5168
1766
1525
6615
7747
8784
7436
7921
9508
7367
858
6649
8144
5621
140
2691
6880
4831
6652
6548
8543
1116
6635
598
7506
2528
3975
4772
418
4757
4171
4497
1450
6243
4520
5767
8635
17
1517
9396
4699
5773
8465
1196
7506
1524
7257
6687
8590
6620
860
3706
1937
7020
9076
4051
5131
926
9109
5218
4808
2663
7503
4750
3196
6361
5198
1900
1100
4373
4055
6862
3313
7256
1848
2769
2651
5438
3092
5981
5271
7288
6181
3797
3897
464
2559
4429
7167
468
635
7708
908
6299
4587
2036
8269
3714
8000
1145
6325
5356
5586
4217
2565
3997
392
4681
5171
6306
1399
9692
7834
3128
9947
7520
6482
3705
853
2731
3801
769
4733
631
3737
6346
5954
7014
2668
9812
4499
8937
7438
1947
9655
9914
1701
1963
1231
9899
72
7878
9258
861
9068
943
9874
7779
6351
7067
5553
4564
2860
5268
7343
5556
623
4955
480
6218
8043
3378
2012
5359
1806
2462
2254
5887
3472
33
5818
4518
2474
954
2659
5923
1511
3872
1562
2793
6471
8174
662
5600
4258
9935
6076
2169
4603
4098
9290
6745
1483
5012
1855
6694
5865
3898
9054
6606
8689
3987
4306
6318
1248
1035
2090
1906
2609
1420
4045
6750
3392
7686
9746
9868
2715
6412
1100
1870
6386
84
1283
9373
742
9072
3035
7461
9098
5965
57
7612
4817
4956
4104
2484
3867
4343
4352
3223
7845
4169
9560
3183
53
2540
3353
3796
5265
1987
3978
9453
2798
7184
220
8605
2703
4932
5576
2175
8000
4628
2808
6644
1362
6433
1933
8436
3582
7262
6000
8372
2059
7877
4024
2216
523
8100
9320
8202
5719
9239
2195
7111
1986
604
4813
7633
4736
5499
9780
8935
8767
2176
5223
3216
1361
2915
1820
3619
606
4917
213
8003
5986
5606
7393
4921
3159
8003
8081
4603
5611
7373
6456
8760
2433
5696
4657
758
1619
4299
3699
8083
7481
7065
9604
9883
2653
807
854
7608
6280
5701
7595
802
9025
4191
1125
6380
3211
9892
4473
6732
7417
5177
3323
1393
5720
6462
783
5664
8258
1062
2000
6306
1217
2129
522
8920
6001
7509
2267
2352
7149
473
8322
9910
9778
5654
9734
8242
4571
8277
7546
1726
9826
6967
665
2303
3742
8211
4163
6191
24
5190
9349
5218
3701
1288
9584
6895
3669
2204
379
5701
7625
2121
9583
6944
6854
3412
1615
66
6727
2541
1092
9981
3515
273
6480
4250
1464
8218
5178
7790
3346
6076
2327
1958
1123
3104
6209
8490
6069
2839
4572
2367
7897
1845
4101
7705
7383
3721
5448
329
6595
4096
9463
7483
4097
9368
1703
3428
4808
5334
5431
5450
7026
2588
2354
1548
9793
7624
5821
3749
7203
3125
3997
3888
7968
8725
2083
1669
6171
8775
6866
7742
2769
4848
1194
9250
6612
4844
7861
1754
1401
2781
3681
734
7407
9122
5341
5308
9491
2552
7911
9759
7900
1698
3126
3470
99
5575
9515
5372
7285
33
7256
6033
8468
7689
2680
2177
1394
3104
4936
4949
9763
4066
2348
4421
9443
3262
6481
8845
3383
6774
2178
3618
863
7106
9842
1071
1721
7723
9150
1037
5329
2488
4469
1368
5524
7648
2265
9717
6442
3163
3914
6386
7616
2962
9995
3833
9350
8704
4027
6836
9093
669
1988
511
7855
3638
5169
1361
7846
1609
455
3670
3953
3898
9619
7274
9597
980
8897
1794
996
6763
2403
219
2859
5791
6001
7900
7110
6008
1720
3017
3695
2313
1943
4659
500
3957
3512
1886
2478
903
1871
4832
2707
243
2433
3718
3342
2721
4236
8370
9807
2233
5840
2330
8265
1768
7651
2063
7636
7269
4251
1838
9888
7438
9974
1639
1954
4960
6774
5639
7467
7011
9315
92
4892
7570
7512
2616
3358
2283
4557
4389
1772
3350
3210
1462
6473
9613
6393
8731
6306
1449
4249
5209
6652
32
4944
5269
268
793
1763
8382
5947
8596
902
2795
2917
5747
7437
694
4256
5035
8705
5353
2712
9861
65
6538
4228
8512
5166
2341
8566
8042
9333
6018
2762
4106
3440
4859
2626
2242
2347
2564
520
6174
8441
3175
2447
414
8544
726
2175
5698
4475
1270
2743
8896
2496
6790
9966
8406
1040
1756
5627
9421
9815
7905
9263
4884
33
8811
2307
2578
8068
2013
2687
6141
4832
6537
1420
6890
4090
3813
9967
4440
165
2867
3567
8062
3274
3865
1609
6649
4892
4220
1201
591
6937
1098
6359
536
3912
7562
381
9733
8419
9597
7630
2461
8582
6602
4063
5959
5370
3076
4315
7226
1789
1186
9255
6948
4338
1200
1610
6167
7202
5657
7685
3847
811
2096
9204
3733
178
883
2977
6527
3432
233
6021
567
5237
1105
9479
6672
9802
5649
1278
1816
9904
3975
8801
5750
1843
9410
6198
2712
5952
4213
2531
2761
1912
3782
1649
6486
7398
330
5781
4486
98
7787
3793
1555
5165
8687
1711
3232
1720
4937
6365
1552
4378
5869
3943
6836
3294
3453
1890
767
4685
265
575
9219
7702
3259
8655
1454
9456
2993
9274
9471
9867
6792
1717
2116
181
7246
584
3155
7699
2965
991
1014
7848
978
8383
6043
9839
4812
3191
3944
8439
5014
9801
9833
7212
4574
3852
1906
32
256
3776
8727
5663
6893
1684
7586
4151
1826
6655
6048
2869
8735
3067
1719
9273
9561
1371
6723
4876
2612
1614
4643
9801
5330
1032
4853
6990
1884
4904
5606
3393
8677
3122
7442
9189
2264
5350
954
9294
796
1891
8013
8156
7143
1074
9704
1946
8082
559
7651
3203
7129
7030
7420
8642
9132
8925
333
5861
6830
596
2267
6921
1049
2654
4191
5612
5624
2529
7009
4210
416
7429
4079
720
3600
6487
2658
4255
1328
2906
8907
1324
7253
2403
6264
1647
5702
8800
57
3339
5017
5093
2463
200
9624
1092
7107
4489
6883
4091
6322
5553
3549
3440
2786
9700
2950
6700
5041
2645
6266
6078
4533
3923
1688
942
9667
8646
6389
2544
9910
6824
2471
3670
9193
5322
4965
3878
1095
2508
9379
8169
7372
7236
6584
3354
7775
3812
9616
6564
8696
9002
3758
7412
7072
8939
560
8539
8512
8681
1424
8461
8099
4338
4181
9498
3081
9879
4247
7464
4734
9072
5604
2533
3265
8097
8705
7296
7339
8333
3167
5855
9029
9825
3847
907
3065
5059
6597
254
4762
6425
5366
2413
1084
918
70
3033
3055
7086
273
7895
9565
2152
1829
9624
3398
1225
4147
8975
233
3263
1200
179
5514
5569
9431
8273
491
3273
6432
8021
3282
3993
2701
8309
3706
3190
1449
2346
8027
5672
4241
252
8059
5271
6289
6877
7996
4222
7509
1839
912
7621
20
1498
5225
5186
6899
5514
1487
1796
2541
9781
654
2251
4613
5571
9450
3519
5918
207
9776
1800
948
4560
9022
947
2119
242
9279
2553
276
6268
5763
4592
7109
5660
3972
1203
3083
8519
6291
5934
859
6230
3130
4460
9598
5808
658
718
7427
4476
8304
7301
2063
9111
6673
5459
2476
4277
3067
6656
6235
8933
1519
6273
4017
6061
5141
8952
1598
8246
436
7398
3916
3842
941
4717
1430
4562
1349
6310
9583
8560
5126
5800
7964
8461
2529
7997
8987
8513
8727
8806
5452
9634
9698
1925
4710
6857
442
3537
666
1706
9119
9180
4040
905
3385
8221
8170
1955
4029
7913
2928
6756
7072
7674
3807
5719
8309
5555
3531
7144
9965
3085
9519
1629
1946
4281
4143
9015
6
4572
4119
7811
5644
7877
9441
5945
1759
7058
5076
4308
9826
7031
4483
813
5878
8695
2562
2023
8117
8991
8548
4886
5
3522
1740
6033
9660
2411
8959
9103
4077
9155
1948
9456
3794
5116
1112
9194
8233
7861
3960
1250
478
9223
7317
2933
8602
8705
5751
3251
1719
2120
897
1015
6024
9232
7806
2121
6136
3407
6284
9348
8099
5973
230
671
5083
5027
7019
762
7582
3367
3789
255
5031
7297
4407
782
6204
8807
7431
955
6659
5707
7383
1957
8257
933
3431
4561
7309
8990
3058
4826
1577
4611
3151
4505
8992
6646
7850
3574
1686
4989
5668
8352
8330
641
5983
8727
4824
7024
5917
7329
5975
5329
2688
2391
8589
8273
2413
4150
1595
2457
3452
8592
308
8963
8678
419
4145
9902
1789
9558
957
3856
9268
1670
39
9031
3626
7615
4949
4704
9736
285
3073
5729
8851
6247
1923
760
5915
718
4232
3699
1979
9229
1536
7075
8043
9366
1963
5564
4581
4922
5234
6358
6371
2118
6061
1017
2352
9558
4646
4798
9201
6891
2720
3166
5519
4579
112
2431
8496
3385
3986
1071
5325
7257
1877
39
133
2963
987
4260
5652
9385
122
4814
5051
6714
9357
6732
186
905
8407
6357
6071
9434
4498
5088
6508
8370
1556
3463
9254
9532
7067
1196
935
4163
1032
9114
241
6022
883
9389
8571
386
9145
9816
6768
7906
8115
8805
5222
3379
2245
7591
4977
7629
4999
5891
2758
6788
3531
1763
1406
7523
5006
6120
2317
8926
3878
888
5681
242
6491
4163
21
9018
7785
5685
288
4682
8319
8601
255
2751
8241
5874
7287
9476
6218
3306
9163
5141
6355
3452
2491
9120
7982
1047
5380
3025
7498
7842
4028
7226
3123
4979
6888
8081
7569
5959
9843
9314
5603
8076
8469
4929
1508
8655
9282
9132
8832
2840
2707
571
1724
540
3887
3039
1672
901
1035
6738
304
7262
7184
477
4573
3028
9627
3261
8985
9205
1906
258
3462
9849
9537
8279
4983
7561
7611
9327
1765
6248
4193
4657
5135
3456
5501
2583
1092
3849
6408
6668
4923
3105
9009
8341
892
7992
355
8479
9027
6021
146
9627
933
2448
7109
1875
1002
5607
8055
4110
3289
1708
4972
4056
3069
2526
5341
1117
7526
7044
2168
5136
2796
5238
5335
357
839
1196
7387
6991
7206
9132
300
5743
6101
4565
3724
2686
6347
3626
1581
5484
5793
2298
3379
3215
8132
4953
5271
8365
2650
9238
952
1983
3852
5010
6830
5695
7113
6751
1036
9805
8220
1064
6904
4157
1408
9228
7954
8503
8802
2655
4770
3900
5463
6683
9342
498
1859
2119
2224
5885
5924
9021
4341
7967
8179
8317
1891
1091
7735
8028
5572
9595
2590
1775
7264
4728
5393
9221
1807
8903
6999
6768
9563
9994
4467
7052
6519
7168
5667
6331
3835
4994
4527
5150
3881
9198
6723
8936
5978
3090
7337
6862
768
773
7082
5174
1310
3687
9419
4614
5104
2637
312
3320
8886
9156
9457
4346
3499
1126
1797
4722
5424
1403
4192
578
5068
7439
7894
8065
8005
6456
3243
8716
1566
136
6000
8790
2912
9293
5741
2832
7749
1053
1227
1198
4682
1206
6263
4725
9741
2377
5437
4851
1293
2614
1438
9364
6580
6504
106
3870
5793
1353
6608
8647
9393
1595
1754
8750
3155
666
1434
4206
5384
8965
6973
4371
176
2994
5896
3862
1176
3168
8324
5627
1019
8392
7423
8951
8698
6635
2210
6408
9186
1870
7038
6395
4444
2579
1804
3086
9451
7513
1569
9074
943
1230
9466
2328
5641
7066
9188
3585
607
6244
2694
2624
3029
981
7627
1000
4172
2803
51
6520
8456
5026
5020
3514
1926
578
9927
7597
1189
2809
4410
3662
1599
9250
4684
9789
8926
5094
3310
1631
7447
8625
5800
2941
9176
4413
3366
3463
4951
803
8914
6648
7461
5049
617
5916
6210
5952
402
5062
7139
1591
2395
7797
1833
9032
1024
3778
6296
7838
2074
9077
9493
8419
9072
9831
9225
2078
4337
7512
7212
6464
2645
386
3895
7762
6200
6550
8632
8768
3579
2974
4692
8247
4492
5856
6229
8002
1108
144
3388
9587
7166
7112
8729
9836
7154
9042
5976
786
6691
4131
1614
2889
7850
675
8945
2009
3902
4070
2831
4474
5145
7528
4259
9100
4385
1245
3927
3216
3601
1223
969
4193
4123
7624
9297
5532
1657
4058
607
7158
574
7846
2076
9447
1359
1802
396
3816
6910
4219
4099
7037
7312
8914
4441
9638
2853
9628
5451
5908
5114
2759
7184
5467
3161
7420
8765
226
1378
3412
352
9844
3462
5672
3900
7299
5451
4811
7740
2582
849
110
6306
9382
7123
3932
6881
5209
3182
9658
2679
2028
8607
4699
2043
7814
662
6608
6285
3939
3036
170
2438
3497
3867
4255
3574
1639
5014
7142
4187
8041
1887
2868
5059
5004
6453
7802
8344
9229
539
3556
7043
1719
733
8323
1236
8763
3629
6086
6637
8842
8526
3801
9545
678
7671
2808
5514
2867
357
5241
195
6039
5470
4637
140
5738
9639
7039
1360
2859
8264
7056
3399
9480
3126
718
2763
5543
3019
4810
8010
8927
505
5345
9515
8086
3322
4381
7332
3644
2287
5477
8871
5297
3361
1003
6249
6096
8182
5497
9124
6590
4725
3777
578
1470
401
65
7551
6952
44
9970
9848
5546
7231
1267
5534
125
5121
2054
2416
5258
9706
7716
571
2786
8184
8101
6118
2123
4469
6667
7361
7521
5686
1420
4202
6727
4767
8045
7684
3256
6829
379
3600
2317
5628
3325
8066
2094
5469
6123
975
6128
3081
3866
6883
7009
3205
7791
3285
2299
3947
5428
2483
3377
2609
2326
9860
5810
7064
8806
5357
7075
4370
9159
8428
9327
4116
8254
7157
4859
35
4024
6653
8345
5692
1232
4440
1820
4537
7193
3522
6976
4760
5385
9309
1400
7896
222
9707
3302
3464
2256
5029
6662
766
3899
1758
3921
5437
7556
2893
4951
633
8426
2264
9923
8774
4137
7684
1376
7886
8040
1273
9871
5284
8381
2315
8984
9850
7028
1430
3893
8546
3855
1394
7778
8994
9990
7579
1792
9474
518
6382
6980
4300
8571
6343
6333
3120
9386
2625
3758
2538
8331
5415
5424
982
5158
1378
2384
1584
2773
4071
8409
6125
8999
6404
6777
7032
4485
929
8783
6558
5891
1901
7367
1657
4292
5570
6712
2038
5982
5864
464
4402
7672
1355
215
8439
5970
6796
3835
8612
5195
208
6701
6447
7973
855
5300
2167
9565
9301
8635
8457
3841
7200
6646
6429
8048
3766
6689
9587
4665
345
5602
6908
3607
4006
8453
7644
6188
8337
1061
7689
7093
171
1362
5683
5200
920
3683
3437
270
4545
2473
6680
7229
2007
560
471
4709
3786
391
2203
106
4247
3946
4849
4606
9792
2840
3967
2402
7655
5978
1227
8239
946
1363
3670
5837
962
1229
7127
83
3251
9317
119
7872
8921
9679
1600
3445
7981
2935
2401
7946
8858
7582
2845
6224
6513
1077
5407
8080
9716
1035
2614
8566
1245
8441
6282
643
6890
4634
3746
2557
3263
2120
6854
4930
3827
6976
5684
113
1240
521
4420
4720
3577
3281
9381
3363
8517
7445
9324
9885
5821
9047
366
2216
6703
1552
6627
480
3396
956
6555
3346
9189
9844
4682
6738
727
7915
2397
9536
5392
5294
6840
9195
6614
7894
4989
7963
9059
2918
2125
9444
5310
3860
6735
4215
1753
4638
8226
2274
349
5204
6716
283
3965
1073
5531
3733
8598
2643
2636
602
5048
9788
4493
527
2207
1171
5601
8808
6563
8664
1420
477
8831
7111
8036
5328
3108
467
4984
6088
9688
123
9186
187
8578
6556
5229
5540
2363
1256
9364
6416
282
1523
4395
5522
9367
6208
2007
582
9036
9418
5710
1685
3783
6238
1452
6853
3037
202
624
8131
7658
6547
913
4924
601
4305
1949
5651
5941
61
6445
5307
9299
5004
195
7307
2715
2514
5961
6900
8459
4401
7052
270
4412
7501
6404
2339
5104
8375
2503
2160
631
1232
8757
3734
609
9471
4920
5061
4258
6356
4640
8975
2972
403
2385
8779
6042
4144
4138
522
4241
3724
9672
3256
9495
642
512
3099
7900
9609
546
7565
7557
4285
4676
8066
6246
6461
6698
3244
7593
899
2641
2102
9761
8076
7298
4009
5115
7625
6297
960
4237
1981
7918
6906
1560
5500
4238
9967
8959
1821
7160
4649
5810
7075
1418
8687
5727
4319
2533
9581
7446
894
2928
3342
1083
7570
3495
1419
3344
6502
7983
275
3312
9586
3328
5575
6366
7769
6506
745
2223
6730
4285
5772
3738
7991
6291
2685
6658
8610
8282
796
5091
6715
3513
3343
9053
4576
5823
3989
2005
2818
6622
2456
3837
6884
1336
6223
3747
5842
2321
7957
7812
1787
7358
715
6608
7155
9604
3091
1278
810
4761
4733
8220
7187
5183
6596
6072
9985
6522
1789
1946
2517
8740
9404
107
1828
1935
6853
6655
68
8938
815
6289
324
2984
3304
9357
2798
6734
1897
4972
2731
2711
1194
8057
1888
4236
6650
1700
4740
151
3761
9319
531
6011
5295
3047
7954
607
4780
5220
2750
6436
1210
1871
3945
8444
7895
4202
1879
7239
3274
3250
4624
6817
9214
9806
7545
1346
8218
7592
5285